1000
0.829188 0.323401
-0.207949 0.426295
-0.31782 -0.612866
0.524236 -0.107591
0.53062 0.96703
-0.912804 -0.828245
0.606198 -0.21085
-0.895968 -0.0717696
-0.022057 0.539778
0.739979 -0.580721
-0.563749 0.352873
0.300521 0.338217
-0.261598 -0.659183
-0.970052 -0.793686
-0.302203 0.157639
-0.829258 -0.292554
-0.500928 -0.207078
0.614648 0.0794956
0.91676 -0.246175
-0.256879 0.481096
0.246825 0.906201
0.493457 0.119252
-0.189222 0.971789
0.796221 0.724133
-0.510011 -0.350276
0.490574 -0.66723
-0.794287 -0.780169
0.965782 -0.0969883
-0.508314 -0.488417
-0.743805 0.418828
-0.706088 0.796012
-0.317676 -0.198242
0.665766 -0.665733
-0.790493 0.970152
0.657515 -0.79315
-0.435195 0.502898
0.126606 0.688089
0.175674 0.736759
0.42445 0.89656
-0.678369 0.968933
0.710481 0.396943
0.540416 0.0689489
-0.381911 -0.707872
-0.0120968 -0.508497
-0.259916 -0.226717
0.801121 -0.54888
-0.554526 0.0415413
-0.0360209 0.347955
0.537553 0.539356
-0.497433 -0.627959
-0.916879 -0.892099
-0.963519 -0.0184984
0.0367198 -0.32893
0.965508 -0.0388105
0.429651 -0.570162
0.150056 -0.761425
0.461603 0.840039
-0.556362 -0.0330071
-0.908738 0.815846
0.212936 -0.229475
0.91109 -0.608811
-0.734064 0.969434
0.809488 0.844747
-0.334603 -0.970872
-0.293123 0.751801
0.106053 -0.702154
-0.622148 -0.133673
0.345899 0.76902
-0.0856192 0.211374
0.511299 0.00708852
0.299031 -0.968237
0.229641 -0.455252
-0.0381019 0.15905
0.684165 -0.916652
0.466146 0.0589583
0.905174 0.533541
-0.918687 0.401175
-0.636676 0.466134
0.166115 -0.412666
-0.578525 0.908216
0.916332 0.822538
-0.0632772 -0.546025
0.472539 -0.352908
0.970137 -0.506713
0.38473 -0.825056
-0.825949 -0.0397814
0.283694 0.778048
-0.446742 -0.321327
0.556549 -0.787263
-0.639826 0.906344
-0.693037 0.164763
0.383137 0.964949
-0.610662 -0.564616
-0.607649 0.718111
0.58977 0.189192
-0.72923 0.686268
0.295848 -0.0211785
0.632264 0.969595
0.924119 0.929541
-0.610101 0.84467
-0.153836 -0.218071
0.344624 0.102322
0.00988837 0.10398
0.0122811 0.298265
-0.094301 -0.182132
-0.894302 0.0529092
-0.499622 -0.000479285
0.344025 0.275886
-0.260439 -0.374843
-0.967294 0.312691
0.622721 0.736087
-0.772452 0.581753
-0.894819 0.113322
0.43856 -0.00276369
-0.219242 0.852983
-0.322029 -0.336059
-0.338086 -0.756238
0.606848 0.909083
-0.760669 0.186111
0.0385241 -0.710714
0.350363 -0.192211
-0.54501 0.234989
-0.5321 0.419239
0.08327 -0.898348
-0.628609 -0.833114
0.103574 -0.00650769
0.971496 0.793207
-0.579768 0.595421
0.044816 -0.536925
0.511263 0.350185
0.928819 0.977886
-0.191156 -0.560974
-0.564507 0.170204
0.481878 0.970154
-0.123262 0.782137
0.501888 -0.593667
0.466169 0.461466
0.911273 0.709439
-0.858561 0.857385
-0.153425 0.383729
0.0421908 0.967645
-0.966464 -0.0703561
0.652759 0.0212007
0.369206 0.162552
0.0324363 -0.110077
-0.222848 0.544684
0.54225 -0.337415
-0.840867 0.330724
0.441639 -0.626781
0.343579 -0.50037
0.421666 -0.181223
0.436134 -0.788523
0.665399 0.913665
-0.295709 -0.860223
0.846255 0.147292
-0.632158 0.140832
-0.346896 -0.823985
-0.244196 -0.908292
-0.694613 -0.233494
-0.474833 0.55877
0.215574 -0.305502
-0.366124 0.833109
-0.493402 0.184197
0.919593 0.877276
-0.630317 0.0665156
0.219088 -0.752619
-0.701125 -0.432291
-0.576395 -0.79115
0.500848 0.7194
0.916908 -0.90542
-0.3283 0.0877202
-0.4431 -0.52689
0.668527 0.627431
-0.85043 -0.739118
0.970685 -0.926062
0.154902 -0.264724
-0.968857 0.796463
0.720902 -0.759509
0.96683 0.41668
-0.714895 -0.969457
-0.378948 -0.637334
0.179415 0.390092
0.183977 -0.823224
-0.963477 -0.122502
0.302367 -0.644247
-0.0830023 0.837582
-0.845672 -0.611423
-0.373896 0.142246
0.91377 0.766336
0.106255 -0.440904
0.968004 -0.716464
0.0340299 -0.031122
0.222716 0.145309
-0.0109883 -0.656
0.377911 -0.129357
0.829364 -0.0468657
-0.162497 -0.835427
-0.228522 -0.0222057
0.908059 0.233104
0.782599 -0.793896
-0.0213777 0.470022
0.0162875 0.664537
-0.125273 -0.574384
0.970592 0.737043
0.440459 0.70501
-0.837068 0.602759
0.969866 -0.212215
0.197697 0.0806374
-0.771365 0.802744
0.634226 0.313627
0.904911 0.109978
0.162636 0.469962
-0.897839 -0.384173
-0.901364 -0.448043
0.175453 -0.693405
-0.515192 0.608377
-0.620635 0.000926965
0.512943 -0.40305
0.386748 -0.891003
0.147725 -0.893853
0.157516 -0.0527241
0.90191 -0.416402
0.210592 -0.0974271
-0.157982 0.0041705
-0.684386 -0.793867
-0.29928 0.965394
-0.723333 -0.558861
0.896604 -0.0118795
0.524697 0.412979
-0.826074 -0.10228
-0.964513 -0.231811
-0.627543 -0.201929
-0.784271 -0.584549
0.213086 -0.536607
-0.893611 -0.135121
0.594675 0.489196
-0.902602 0.513867
-0.131585 0.264578
-0.691668 0.0294775
0.221728 0.514931
-0.0478414 -0.785108
-0.42778 0.836001
-0.830822 -0.356027
-0.254269 -0.518131
-0.480387 -0.768969
0.319499 0.656092
0.788133 0.120615
-0.838726 -0.482362
-0.443248 0.315476
0.723717 -0.870168
0.51757 0.178777
0.561864 0.727351
-0.904736 -0.57723
0.73561 0.977105
0.280489 -0.20331
-0.359134 0.022713
-0.273518 -0.074999
0.645395 -0.261707
-0.968052 -0.615327
-0.230154 0.175536
0.968227 0.571757
-0.908597 -0.703568
-0.803843 0.755773
0.0830325 0.304726
0.848137 0.626798
-0.41218 0.57274
-0.136861 0.452441
0.855298 0.744429
0.730353 -0.640618
0.0493381 0.785241
0.0771133 0.639273
-0.228344 -0.844173
0.271785 -0.0861115
-0.0211935 -0.364978
0.687438 -0.423668
-0.095887 -0.827882
0.27104 0.093222
0.851994 -0.516133
-0.842297 -0.546748
-0.181817 -0.90182
-0.853183 -0.801939
-0.55109 -0.0983617
0.101082 0.495494
0.867046 -0.927178
0.620266 -0.438234
0.916975 -0.358823
-0.56655 -0.2392
-0.28197 -0.796588
-0.965107 -0.343973
-0.299898 0.345948
0.692218 -0.538073
0.15268 -0.124119
0.672677 -0.0899878
-0.187745 0.910121
0.00317589 -0.587299
0.0570116 0.239959
-0.32266 0.468093
0.721193 0.522366
-0.410637 0.769238
-0.967481 -0.451924
0.274753 -0.515391
-0.777003 0.639787
0.783739 0.543669
-0.460574 0.713452
-0.666694 -0.599534
-0.826194 0.0858102
0.904931 -0.789647
0.854669 -0.58044
-0.897668 0.452641
-0.101832 0.715625
-0.418018 0.381836
-0.563881 0.664628
-0.167249 0.72591
0.627695 -0.0389189
0.832534 0.0195383
0.366588 -0.0122495
-0.293622 0.54088
0.970413 -0.615599
0.497287 -0.784972
0.662437 -0.727968
0.315799 -0.573008
-0.828271 0.208769
-0.195289 -0.485595
-0.383528 -0.43281
0.597386 -0.0985568
0.594502 -0.505815
0.825759 -0.300402
-0.576704 0.103242
0.972648 0.849888
-0.825986 -0.165735
-0.971588 -0.914287
0.1563 0.967858
0.0823619 -0.769687
-0.15766 0.193953
-0.706228 0.295323
-0.691189 -0.16682
-0.636523 -0.409797
-0.672493 0.522368
0.715308 -0.972118
-0.906573 0.344982
-0.476513 -0.0629683
-0.314948 -0.0261901
-0.772817 0.311782
0.906936 0.593411
0.24713 0.0309341
0.245844 -0.835562
0.824013 -0.410916
0.976663 0.968434
0.846656 -0.701586
-0.251816 0.800527
0.685595 0.0822252
0.535015 -0.967153
-0.90724 0.757548
-0.367145 0.516039
-0.734482 0.85411
-0.510417 -0.41993
-0.826999 0.147602
0.969154 -0.33015
-0.766775 -0.964758
0.482253 -0.055283
0.167228 -0.4853
0.12779 -0.964117
-0.572208 0.969452
0.721064 -0.364532
0.836795 0.384096
0.604618 -0.757267
0.456191 -0.848665
-0.135327 -0.633352
0.771488 -0.0111448
-0.437954 -0.906961
-0.970928 0.971622
0.834829 -0.108496
-0.55985 -0.168165
-0.487731 0.845954
0.085142 -0.584587
0.038166 0.514773
0.393392 0.221852
-0.150016 -0.965763
-0.400337 0.700868
-0.318673 -0.475361
0.361279 -0.314523
-0.71529 0.357341
0.0560638 0.044472
-0.964709 0.145151
0.251995 0.575452
0.540738 0.239473
-0.324184 0.278554
0.716979 0.460218
0.157346 0.542211
-0.127891 0.599409
0.193855 -0.618229
-0.700051 -0.367034
-0.211922 0.665595
-0.624598 0.968059
0.451305 -0.118129
0.306777 0.901098
-0.632016 -0.271198
0.295748 0.154919
-0.0924623 -0.964959
0.454194 0.775434
0.523727 0.845777
-0.0753807 0.965182
0.869048 0.918017
0.53282 -0.52249
0.217685 -0.373
0.502339 -0.905681
0.138763 0.616676
-0.260891 -0.30201
0.371076 0.617909
0.339401 -0.0761321
-0.45863 -0.83298
-0.771678 -0.454939
0.327712 -0.258846
0.968928 0.626107
0.776334 0.421182
-0.545321 -0.97526
0.367515 0.333952
0.725268 0.583785
-0.857702 -0.862972
-0.14531 -0.296723
0.0761125 0.904759
0.0916629 -0.152198
-0.118941 -0.896326
-0.420427 -0.10802
0.600485 0.551632
-0.814145 0.43086
0.851558 -0.872995
-0.742444 0.74474
-0.970453 0.430185
-0.896763 0.230678
-0.923291 -0.961669
0.78336 0.183691
0.392614 0.0498107
0.965776 -0.154417
0.442352 0.337311
0.043376 0.367457
-0.569821 0.47401
0.257603 0.391806
0.226979 0.331481
-0.0791373 0.564025
-0.0648846 -0.612417
-0.365942 -0.153987
-0.965071 0.483808
-0.320113 -0.26621
-0.894785 -0.197474
0.780001 0.960424
0.443129 -0.421517
-0.178148 0.314739
-0.896657 -0.321657
-0.582696 0.780017
0.157984 0.808001
-0.602464 0.40703
-0.831882 0.269531
-0.778736 -0.518776
-0.105579 0.336457
-0.686073 -0.85844
-0.188557 0.599843
-0.696079 0.227072
-0.846223 0.796668
0.400044 0.755981
-0.540621 0.540895
0.302824 -0.140696
0.969008 0.467604
0.58146 -0.387986
0.648702 0.141741
0.266079 -0.267819
-0.230274 0.734781
-0.894525 0.569102
0.0300701 0.588519
-0.392562 0.449154
0.753038 0.825279
0.431967 -0.300379
-0.902856 -0.512777
-0.967602 0.64277
0.24843 0.209498
-0.306563 -0.918223
0.706752 0.866416
-0.469758 0.249434
-0.438046 -0.661794
-0.270658 -0.970897
0.394816 0.385169
0.64508 0.377959
0.725779 0.128253
-0.383397 -0.294182
0.769063 0.359665
-0.874429 0.917522
0.908407 -0.970888
0.0921591 0.565477
0.183715 -0.964701
0.711719 0.190072
0.769442 0.0617033
0.565557 -0.159677
-0.0199556 -0.842391
-0.9069 -0.640807
-0.917687 0.873122
0.845456 0.567048
0.530818 0.476028
0.757297 -0.0777614
-0.965755 0.25672
0.27542 0.967444
-0.533717 0.728369
-0.514273 0.907548
-0.403861 0.0748793
-0.08336 0.645985
-0.967325 -0.558551
-0.462046 0.433857
-0.759331 -0.198382
0.111838 0.759325
0.898626 -0.0713677
0.846842 0.210972
0.416969 0.280534
-0.970935 -0.853988
0.967671 -0.448046
0.583536 0.016369
0.96824 0.138323
-0.568803 -0.857289
-0.437599 -0.727414
-0.49454 -0.698023
-0.154958 -0.141956
0.653259 0.208164
0.255637 0.64753
-0.726249 -0.624795
-0.201528 -0.338304
-0.188067 0.790961
0.331651 0.835078
0.277815 -0.783748
0.366374 0.896017
0.404437 -0.36751
-0.971213 0.369886
-0.799533 0.852847
-0.150862 0.847986
-0.345893 0.577526
-0.273077 -0.730084
0.676858 -0.602362
0.502288 -0.2867
-0.214724 -0.179181
-0.973764 -0.972829
-0.501692 -0.884307
0.63022 -0.557272
0.722577 -0.472593
0.878353 0.972763
-0.445565 0.130497
0.90897 0.651889
-0.204 -0.262499
0.854865 -0.2417
0.287955 -0.329267
0.580892 0.968516
-0.348901 0.210752
-0.790934 -0.714343
-0.25619 0.605911
0.856284 -0.457728
0.758183 -0.418394
0.306095 0.71481
-0.623501 0.64448
0.908092 -0.846856
-0.964484 0.590411
0.785592 -0.856282
-0.0136441 0.228292
-0.0164354 0.824507
-0.544862 -0.739324
0.175824 0.198336
-0.19036 0.488955
0.751205 -0.193871
-0.895715 -0.259542
0.158475 0.317727
0.579396 0.362886
-0.635825 -0.47821
0.778792 -0.972704
-0.0498819 0.896064
0.292532 0.523616
-0.820011 -0.970151
0.650363 -0.374016
-0.64012 0.342832
-0.756877 -0.0697171
0.226324 -0.159342
0.646402 0.855411
0.330703 0.965856
-0.766144 -0.392489
-0.555004 -0.595078
0.765323 0.887338
-0.031354 -0.220467
0.491148 0.288551
-0.966855 0.53838
0.905356 0.471566
0.969734 0.681306
0.106098 -0.512215
-0.27297 0.681734
-0.0834479 0.492331
0.550571 -0.646643
-0.254952 -0.58799
-0.341129 -0.0941294
-0.0287478 -0.0815196
0.663074 0.566079
0.82764 0.971602
-0.35054 0.766634
-0.404814 -0.78272
-0.13345 0.966844
0.0324476 -0.256401
0.969108 -0.975724
0.638702 -0.149512
0.467311 0.229461
0.6125 -0.323764
-0.447224 -0.9728
0.309631 0.593259
-0.0805164 0.411559
-0.137071 -0.442672
0.0302709 -0.184279
0.319816 0.0412401
0.679174 -0.199886
0.53401 -0.222235
-0.0867084 0.0269974
0.791103 0.66438
-0.0397781 0.695037
0.966594 0.363749
0.0096384 0.90403
-0.965062 0.200956
0.046135 -0.469561
0.78693 0.604309
-0.0912177 -0.25576
0.905746 -0.731492
0.544402 0.602297
-0.392114 -0.0454232
0.843912 -0.760348
0.370611 -0.623686
-0.746287 0.524519
-0.279735 0.03363
-0.964811 -0.288004
-0.647504 0.586628
0.491091 0.654331
0.221133 0.78677
-0.0296774 0.614128
0.970281 -0.872017
0.702098 -0.034406
0.466443 -0.726993
-0.379141 -0.568846
-0.874387 -0.975917
-0.147718 0.662403
0.683811 0.971201
0.416674 -0.492154
-0.13221 -0.511853
-0.402589 -0.850982
0.0938115 -0.223627
-0.712432 -0.492656
-0.96431 0.0347767
0.908669 -0.671307
0.344648 0.477336
0.968944 -0.562797
0.55243 0.665193
-0.446654 0.635105
-0.316886 -0.543925
0.414889 -0.967489
-0.346935 0.398524
0.0149327 -0.903347
-0.671379 0.848964
-0.602294 -0.966513
-0.665907 0.68005
0.156525 -0.191133
0.472503 -0.530704
-0.0616037 0.0912832
-0.67178 0.407082
-0.89554 0.172536
0.100757 0.832374
-0.797763 -0.845728
0.187598 0.915528
-0.471576 0.776708
0.683447 0.748373
-0.355818 0.965566
-0.928859 0.928729
-0.0575682 0.769226
0.749628 -0.919198
0.485627 0.905661
0.968181 -0.8195
-0.787638 -0.649362
0.909922 -0.544498
-0.440453 -0.59414
-0.26313 0.897456
0.755185 0.238749
-0.391501 -0.963809
0.743613 0.765014
0.513287 0.783365
0.547435 0.905847
0.442155 -0.910817
0.396188 -0.744028
-0.0357714 -0.0204444
-0.381025 -0.500892
0.712429 -0.137721
0.271966 -0.396286
-0.520681 0.969159
-0.846973 0.66336
-0.0318792 -0.149465
-0.0178385 0.96677
-0.676355 -0.726803
0.658171 0.504113
0.433446 0.964235
-0.857591 0.393157
0.851071 -0.641835
-0.321292 -0.406026
0.912305 -0.48176
0.613633 -0.624686
-0.380331 -0.224364
0.303716 -0.449763
-0.198886 -0.411827
-0.520429 -0.815843
-0.336992 0.696629
0.841094 0.0811979
0.136265 0.888479
0.859552 0.802861
0.968944 0.198054
0.103607 0.185451
-0.778859 0.479479
-0.608897 -0.635328
-0.21745 -0.106416
0.0475088 0.443081
0.819243 0.262137
0.59894 -0.836741
-0.0111962 0.407088
-0.0288543 -0.721357
-0.641943 0.786114
0.78977 -0.242278
0.10174 0.965259
-0.83437 -0.41917
-0.217071 -0.777944
0.60654 0.613659
0.966156 0.019087
0.375629 -0.552822
0.240777 -0.965199
-0.793377 0.69814
-0.865466 -0.921652
-0.276776 0.226861
-0.0786554 -0.403566
0.493356 -0.170121
-0.44612 -0.459433
-0.855604 0.726534
0.969524 -0.665903
-0.209402 -0.967899
0.968004 0.256657
0.47552 -0.969455
0.56188 0.30165
0.902159 0.40902
0.225921 -0.032095
0.359272 -0.966375
-0.758535 0.0585929
0.280711 0.458725
0.788127 -0.672732
-0.969384 -0.733624
-0.227944 0.361567
-0.666728 -0.665203
0.125585 0.0639554
0.721609 -0.816373
0.613944 0.675166
0.191059 0.666979
-0.606925 0.531061
0.0949895 -0.296279
0.537882 -0.720483
-0.558119 -0.916648
-0.968777 -0.673988
0.633172 0.796286
0.843873 0.506337
0.0187133 -0.968944
0.208232 -0.896089
-0.761847 -0.263268
0.318876 -0.841869
-0.327049 0.898149
0.653045 0.441532
0.410313 0.50609
-0.688127 -0.0355785
-0.38466 -0.363872
0.79435 -0.61213
-0.964331 -0.176324
0.0492589 -0.837713
0.418544 0.110463
0.815649 0.908703
-0.910525 0.692112
-0.055709 -0.89737
0.129952 0.252248
-0.199013 -0.635011
0.218953 0.445472
0.174365 0.014914
-0.903739 0.629038
0.266313 0.84227
-0.757874 -0.13379
-0.434739 -0.178394
0.588955 0.426366
0.564417 -0.901407
0.487408 -0.46822
-0.759217 0.123054
0.730109 0.644609
-0.573007 -0.450063
-0.967153 -0.504329
-0.411875 0.966347
-0.646764 0.273913
-0.144701 0.533599
-0.569709 -0.518627
0.967512 0.0783875
-0.443695 -0.250595
0.527331 -0.845442
-0.515579 0.301207
0.397119 0.826956
-0.24355 0.963637
0.783774 -0.733143
-0.761107 0.910443
0.339741 -0.770322
-0.302844 0.831907
0.156275 -0.337471
-0.709871 0.572116
0.675296 0.688212
-0.635207 -0.340694
-0.420827 0.197102
0.112035 0.364475
0.718077 0.0277282
-0.965277 -0.39877
-0.396406 0.263696
0.399406 0.443124
-0.503868 -0.556279
0.967449 0.518845
-0.0163373 -0.43687
0.285905 -0.718057
0.897562 -0.131752
0.693487 0.807844
-0.656576 -0.969747
0.724803 -0.699986
0.0326595 0.172377
0.202628 0.263775
-0.804903 -0.908217
0.111577 0.425393
-0.501672 0.669888
0.27327 0.27465
0.554968 -0.0457015
0.0164888 -0.777389
0.896614 -0.301715
-0.0838625 -0.330535
-0.971244 0.69379
0.0567258 -0.643814
-0.0110831 0.0373902
0.758926 0.298873
-0.910312 -0.765877
-0.586139 0.287459
0.962066 0.309737
-0.744755 -0.895727
-0.74127 -0.824535
-0.467217 0.967222
0.657632 -0.488243
0.623122 -0.905742
0.601262 -0.691893
0.736196 0.704944
-0.0605492 0.280558
0.217475 0.970675
0.270515 -0.899595
0.0420395 -0.400303
0.967745 -0.76777
-0.203934 0.24527
0.851434 0.685839
0.752233 -0.520671
-0.662424 -0.533319
0.374052 0.693339
-0.685694 -0.916674
0.856479 -0.358598
0.97444 0.907798
0.802346 0.78395
0.459779 0.399328
-0.677435 0.736774
-0.389142 0.89923
0.117159 -0.830349
0.689638 0.264897
-0.57113 -0.310297
0.100704 -0.36986
-0.257744 -0.446736
-0.60703 -0.705818
0.969374 -0.274251
0.415365 -0.681572
-0.975664 0.908663
-0.313422 0.629912
0.072473 -0.965318
-0.526333 0.792908
-0.967793 0.744108
0.593177 -0.967489
-0.28171 -0.144671
0.78858 -0.357346
0.348789 -0.694743
0.150038 0.132019
0.37521 -0.436486
0.319944 0.216246
-0.0740031 -0.475213
0.443451 0.170033
0.410095 -0.0657347
0.420286 0.571991
-0.706483 0.468508
-0.140721 -0.370971
0.907048 0.172234
-0.847506 0.971534
-0.700515 0.909443
-0.364692 -0.899557
-0.477184 0.062959
-0.730719 -0.688738
-0.552209 -0.667814
0.0929251 -0.0780811
0.572942 0.78896
0.330048 -0.907818
-0.624202 -0.900892
0.841307 -0.974667
-0.627487 -0.765079
0.780751 0.482651
-0.689272 -0.101252
0.554182 -0.454309
0.863625 0.861327
0.200462 0.853454
0.329803 0.405121
0.611159 0.25493
0.779395 -0.137753
0.58563 0.849154
-0.764095 -0.328117
-0.0812359 -0.677821
0.241113 0.717514
-0.0358958 -0.964407
-0.704939 0.628924
0.662148 -0.854362
-0.136553 0.0744099
0.474547 0.525252
0.900838 -0.188966
0.755392 -0.302974
-0.251718 0.294873
-0.209595 -0.709049
0.336866 -0.38099
-0.256042 0.104822
-0.490054 0.36682
-0.899838 0.288022
0.00255932 0.744629
-0.450408 0.9031
-0.380191 0.63731
0.253715 -0.593459
0.573439 -0.273322
-0.824177 0.53967
-0.447586 -0.390997
0.901814 0.0481876
-0.507289 -0.279413
0.830862 -0.179204
-0.277601 0.413225
0.843739 -0.817999
-0.621383 0.212016
-0.100227 -0.0416272
0.0789833 0.116475
-0.964379 0.0895778
-0.184172 0.123905
-0.62124 -0.0675457
0.807985 -0.916643
-0.825491 0.0232698
0.481813 0.590255
0.394059 -0.246294
0.969924 -0.391408
0.428274 0.641078
0.463281 -0.234164
0.238461 -0.67218
-0.0950134 -0.108832
0.0402765 0.849674
-0.573205 -0.380596
-0.514684 0.11617
0.65243 -0.970326
-0.693632 0.097339
-0.32334 -0.683404
-0.208866 0.0521496
-0.371192 0.330759
0.716885 -0.252589
-0.763721 0.248984
-0.787665 0.372082
0.898733 0.347378
-0.0962894 -0.746075
0.700576 0.332226
-0.115864 0.903737
0.0629289 0.712433
0.198648 0.596795
0.129405 -0.636953
0.567052 -0.577348
0.841433 0.445446
0.683901 -0.313113
-0.0271095 -0.292247
-0.164293 -0.0669712
0.888923 0.286804
-0.818692 0.91215
-0.971159 0.850614
-0.697711 -0.300456
-0.736461 -0.755135
-0.148301 -0.697944
0.569793 0.129265
-0.491058 -0.134499
-0.432306 0.00596197
0.794748 -0.475065
-0.757506 -0.00604411
-0.50196 0.487607
0.151775 -0.563678
-0.906745 0.975534
-0.827561 -0.229065
0.724768 0.923877
0.357122 0.546932
-0.153414 -0.769323
-0.110726 0.142275
-0.551103 0.84959
-0.845373 0.484194
-0.496419 -0.954518
-0.848141 -0.675502
-0.893534 -0.00870012
